52060 202173
16243 17819 15830 14609 21371 24989 24990 35054 8545 24115 16397 29154 47886 42910 26592 15734 12085 19930 27566 54588 32323 27330 27224 29884 32550 394749 9989 23686 24121 34209
20940 32787
22822 38622 55429 45396 60261 23059 25804 38621
19996 2734 32184
12200 45187 58683
10310 1668 17457 204000 394561 134706
133593 136715
396076 135147
33808 50533
1853 1120
9957 17604
8330 8550
8220 10021
42476 20612
6718 43431
6881 47200 47627
60092 31308
20828 206676
42615 203729
6774 5560
60116 41194
4758 9885 55824
12618 8326
5769 13571
25309 41364
30889 12472
31037 56337
37474 37700 37701 37699 37663 37668
32710 16570
14492 24043 22205 24778
33249 47523 38316 205334
12276 63055
28788 41241
12510 35039
8763 31529
3856 42
42044 199330 60890 201304 201303 204055 203961
42390 20830
60280 35647
201053 201054
34109 196752 51787
2152 2153
205969 205970
327814 24890
27257 20264 36057
11172 6503
7575 7570
15169 36040 43515
43181 64269 136473
6453 45820
60036 60035
7908 11271
4150 5683
29670 57555
135636 136824
2128 43760
3549 3356 4323 32421 200
15669 47697
9560 24388
12989 33438
51706 57734
200608 40981
23869 133745 45285 38064 38037 133532
49432 205804
1239 1803
5459 8714 21919
12337 44880
11274 30340 17378 11383 33693 17113 16695 7349 33251 7181 19019 30496 36024 36284 27467 26094
58430 17887 45667
2497 61215 59258
31027 28717 34932
10037 10155 17577 17586 18318 38120 38121 38669 45365 9697 9698 17598 17839 9770 9845 10066 18313 38091
17459 17486
9119 135158
9505 3462 9680 17714 33717 10126
20473 11508
39392 60068
7922 33662 7015 33491 33651 33650 33657 7725 20214 33652 7016 33668 33490 33667 13367 22909 33660 33659 33287 21508 33489 22258 33661 33654 33666 33665 33655 33653 33656
4657 38861 55430 9874
7500 23634
4713 9598 38629
16532 26480
3479 3480
3130 4128
7474 4804
7342 26415 36630 36616 36626 36627 36629 36631
59964 41693
23148 2828 6066 701 702 703 14551
6695 43252 63034 47228 51531 25083 20717 20715 56890 62499 48793 57769 196610
45558 9988
25108 20860 29131 35662 11352
25441 35272
40528 16876
1930 12833
3741 20011
22548 14026 26162 20121 61580 11752 53035 10906 11284 11644 12136 14650 61455 263044
20552 44896
8282 9179
3529 616 5189
1280 58406 30132 33082 23709 30125 45220 23711 23710 33072 23708 33078 27859 30126 24048 24050 27848 30122 27322 30128 24051 33558 27318 33073 33081 30129 30133 24049 25572 30127 61447 33074 33079 52243 55440 30134 27320 33075 23713 52289 38568 30124 28054 33076 30131 23712 33077 27916 53459 30123 30130 27319 33080 33071 24047 394070 27321 395217 55439 23707 3557 393221
14939 7752 54688
6423 2044
28255 262330
32751 14586
21124 12307
38670 38107
29169 203476
20773 35329
7521 45686
5645 20375
9821 136028
40428 22518
16509 38895
135814 49378
22546 16486
7568 45265
26785 19365
263190 263704
23184 32233
29691 203340
44066 203833
10933 14989 3385
16150 12552
9269 10103
262598 61851
4775 18392
39902 205028
22556 56065 133487 35156
46130 21260
41495 206202
206819 131610
49745 206740
15440 8486 42549
58612 45828
8391 48519
11320 10970
12644 41828 33929 42613
15247 21724
7843 20115 33588
4787 135478
10745 393225 393220 394018 53535
34523 33737
2107 51988
9583 24193
45483 24238 45425
9822 9398
134671 57695 50069 57578
63425 394767
4641 3661
132040 9439
27822 32806
2484 2486 2485
45629 45758
39551 16153
12188 27272
8674 52005 39840 39871 39870
50472 13020
26622 263998
4608 4777 18366 17821
2647 2854 4862 4004 4805 6505 2874 5583 10282 8338 6853 51964
25291 49130
1200 6777 62972 52462 58560
47957 4896 45666
55518 132696
48237 35819
49800 6682 196709
13002 61327
45816 55480 56103
8167 7738
16004 61968
55818 45147
41313 41059
31562 42543 19207 33103
2200 3256
45510 24500
48850 50607
45932 53727
7829 16467
23114 5704
9381 136501
7490 55707
18678 28032 262195
3595 27413
6775 44432
57633 39473
6336 56396
6908 20547 25588
13147 31083
8903 12541
197981 62602 29326 134197
23816 4694 24572
58453 9808
8100 22298 29761
33988 21083
16073 13273
8881 13270
4761 17922
55865 24735
2597 197440
14265 11915
18541 393490 56583 132402 133095
30950 8542
58620 134399 134384 134385 134386 134387 134388 134389 134390 134391 134392 134393 134394 134395 134396 134397 134398 18210
198335 394333
37090 327818
5404 28838
6830 5089 9143 20825 29562 31079 59776
2906 40027
40260 11706
30880 50827
31328 7772 132734 133077 58894
12083 16724 29881
23951 58500
53306 50624 132418
36236 13647
17882 55408
49917 56941
33930 37709
58389 56246
12975 15975
5483 8579
6461 8218 19092 29863
57771 203993
16685 18836 263071 262475
22591 64208 6812
8001 46672 46366
41393 39179 60648
23498 21548
8339 8559
24961 39519
53698 5118
58473 135014
23314 26205
13289 29624
29791 30636
42927 61158
14116 30447 9115
55658 38758
19189 59940
38757 9341
7506 58791 58786 59349 131392 135161
17498 38195
21320 20965
20751 47592 25101
14282 28305
42473 51453 47147 42388
18149 23774 24252
25447 57794
43996 202196
19169 27947
37596 36953
132203 132591 45090
61746 262996
28666 53231
200086 206583
29535 5617
10133 17408 9831
36086 32299 49425 48152 47973
37253 37525
262526 28635
9370 9371
60587 50719
131222 63829
62698 201834 205811
12654 25152 197000 3333
14061 202018 133165 394362 201229 200130 202109 46652 62567 393406 135340
8075 8068
4436 3257 4565 20077
31458 31122
62982 62195 133188 133366
55195 27299 394354
135754 132561
20406 52640
26838 42587
53066 264015
197451 201263
13041 49638
8121 11404 22759 11837 32028 29870
62078 42978 51786
29748 26978 35974 58797 46742 15226
8419 5552 13009 31640
58792 131920
32934 63293
25751 41041
59344 63971
393565 202197
13576 393417
63212 395651
1299 12929
35908 45652
24955 47775 41704 57128 60095 59712
24875 21159
24195 63502
27286 27420
63311 35848
202112 49344
11924 22485
28548 28554 28545 11888
43289 29616
43256 327870
6805 13184
393545 14397
15179 7160
4638 45349
63528 63529
4609 7617
198908 12269
32286 60038
27768 27866
23074 61721
51088 61180
63516 24534
45102 37963
9934 56301
8657 3243
133873 55819
49063 203921
17306 23205 36049
26021 26414
9050 24745
40426 46562
4508 395080
131322 18399
57118 39540 44596
57151 33886
22616 62044 53813
27757 26613
29432 197032
45261 23670
8972 61157
9178 48646
20130 54728
62874 50495
27789 393629
13213 32780 29854
198781 132865
48858 13094
35574 48768 61315
203724 205272
28768 35667
37692 61317 61440
262429 263925 52770
21880 61186
201035 43467
203693 205897
6295 33561 7336
262743 263969
4136 17018 20141 394968 40107 11767 40606 53907 40913
9033 59899 58941 58942 58943 63839 63832 64220 64219 64216 64222 395081 132863
262417 262661
17941 23637
21219 3326
394497 394308
35788 44444 7598
35761 199230
49420 199436
135027 64094
58944 58815
62715 58591
13977 14671 12175
4628 136552
135025 135305
16210 20707
23947 131702
199188 40809
63399 394574
44914 43679
394144 205758
203507 206970
55799 45785 63916 134520
8695 25482
15835 42385
132939 135244
28773 28681
200921 205038
11827 33427
30693 62904 49532
42639 44337
394127 394992
54661 64255
48159 12880
37195 37186
19804 18484 18485 18486 18487 18488 18489 18490 18491 19803 19806 19808 19809 24118 24232 24486 35953 37991 38304 39115 42808 19807 19810 24216 46108
17828 135571
327871 37716 328010
10893 40833 4543
60781 205544 205025
198651 43700
62305 47915
262976 61583
49673 57822 59954
52376 61441 11058 52375 52403 52404 52500 52294 52324 52332 52360 52370 52359 52374 61495 61494 61504 61505 52508 52509 61520 61521 61555 64103 61552 64104
200623 64415
55176 14086
63252 20029
64238 112
33480 133296
197890 200825
9848 4670
32653 37394
64096 56282
30633 7203 394380
59253 133752
37414 37483
327880 207119
45158 56133
52840 265292
58952 63852
61522 61524 61525 61526 61527
62679 63408
37548 37481
22634 8361 55743
22053 46540
43100 199422 39801
51225 16190 50623 201986
43733 33852
51090 51354
6667 719
37715 327887
8522 48053
27733 264722
4874 27359 27372 27599
24843 43930
207009 206495
3754 3630
64227 20283
64427 205406
9676 7656
2047 47340 18535 10725
37324 327821
202056 201333
55507 135694
35491 205082
63928 24427
57033 34092 60860
5532 15735
136019 133425
132134 62693 11742 35220
37578 37704 37770 327740
11406 13348
7105 15951
59125 131925
14203 10458
14332 49819
40335 51752 61266 54235 62244 327889 55891 9454 52887 28466
33037 32444 55262 394100
39716 42667
48503 29555
35152 20926 200411 60199 199565 51335
16414 53791
264811 61478
199483 29092
44515 50613 30818
58070 197893
7862 62926
62622 17303
131442 132497
394771 203482
395152 393755 395766
62563 61003
10697 264797
21239 199670
24192 45459 58583
