52060 202173
27330 32323 9989 23686 16397 47886 14609 15830 27224 19930 17819 24989 24990 42910 26592 8545 34209 29154 32550 35054 27566 16243 24115 12085 15734 24121 21371 394749 54588 29884
32787 20940
23059 45396 55429 60261 22822 25804 38621 38622
32184 19996 2734
6389 7018 7132
45187 12200 58683
134706 17457 204000 1668 10310 394561
136715 133593
135147 396076
33808 50533
1120 1853
17604 9957
8550 8330
10021 8220
20612 42476
43431 6718
47200 6881 47627
5426 6730 9214
60092 31308
206676 20828
203729 42615
6774 5560
60116 41194
55824 4758 55847 9885
8326 12618
13571 5769
41364 25309
12472 30889
56337 31037
37474 37699 37700 37668 37701 37663
32710 16570
24778 24043 14492 22205
33249 47523 205334 38316
12276 63055
28788 41241
12510 35039
31529 8763
3856 42
199330 201303 204055 60890 203961 201304 42044
42390 20830
5617 43447
60280 35647
20453 812
4134 4809
201054 201053
196752 51787 34109
2152 2153
205970 205969
327814 24890
20264 27257 36057
11172 6503
7570 7575
15169 36040 43515
136473 43181 64269
6453 45820
60035 60036
7908 11271
5683 4150
57555 29670
135636 136824
2128 43760
4323 32421 200 3356 3549
47697 15669
24388 9560
12989 33438
57734 51706
200608 40981
38064 133745 45285 38037 23869 133532
49432 205804
1239 1803
5459 8714 21919
44880 12337
20312 27807
30496 17378 33251 30340 11274 19019 27467 7181 26094 7349 11383 16695 36024 17113 36284 33693
45667 58430 17887
2497 59258 61215
31027 34932 28717
9697 9698 38120 17577 38121 18313 9770 10155 38091 38669 18318 17839 17586 10066 10037 45365 9845 17598
17459 17486
135158 9119
9680 9505 17714 33717 3462 17419 10126
11508 20473
39392 60068
33664 33665 33666 33667 33668 21508 33287 11025 7725 13367 13385 33489 33490 33491 7015 7016 7922 33650 22258 33651 33652 33653 20214 33654 33655 33656 33657 33659 33660 36732 22909 33661 36733 33662
4657 9874 55430 38861
23634 7500
38629 4713 9598
26480 16532
3479 3480
4128 3130
7474 4804
36626 36627 36629 36630 36631 36616 7342 26415
59964 41693
6066 14551 23148 2828 701 702 703
196610 62499 6695 57769 51531 20715 20717 43252 48793 63034 56890 25083 47228
9988 45558
25108 11352 29131 20860 35662
25441 35272
40528 16876
12833 1930
20011 3741
263044 11752 12136 14026 53035 61580 61455 26162 22548 11284 20121 10906 14650 11644
44896 20552
8282 9179
5189 616 3529
1280 393221 61447 27916 55439 55440 52243 33558 28054 23707 23708 23709 23710 23711 23712 23713 45220 58406 38568 30122 30123 30124 30125 30126 30127 33071 33072 30128 33073 30129 33074 30130 33075 30131 30132 33076 30133 33077 33078 27318 30134 33079 27319 27320 33080 33081 27321 33082 27322 52289 27848 394070 27859 53459 395217 25572 3557 24047 24048 24049 24050 24051
54688 7752 14939
6423 2044
262330 28255
14586 32751
12307 21124
38107 38670
29169 203476
35329 20773
7521 45686
20375 5645
9821 136028
22518 40428
16509 38895
49378 135814
22546 16486
7568 45265
4773 17547
26785 19365
263190 263704
23184 32233
29691 203340
44066 203833
10933 3385 14989
6167 22394
16150 12552
9269 10103
262598 61851
4775 18392
205028 39902
56065 35156 22556 133487
46130 21260
41495 206202
206819 131610
49745 206740
15440 42549 8486
58612 45828
8391 48519
11320 10970
12644 41828 42613 33929
21724 15247
20001 11426 7843 11427 10796 12271 20115 33363 33588 11351
4787 135478
393220 394018 10745 393225 53535
33737 34523
51988 2107
24193 9583
45425 45483 24238
9398 9822
50069 57578 134671 57695
41426 39891 31177 39386 25019
63425 394767
4641 3661
132040 9439
32806 27822
2484 2485 2486
45629 45758
16153 39551
27272 12188
39840 8674 52005 39870 39871
50472 13020
263998 26622
4608 4777 17821 18366
4004 4805 6853 2854 6505 10282 5583 8338 2647 2874 51964 4862
49130 25291
1200 58560 6777 62972 52462
4896 45666 47957
132696 55518
35819 48237
196709 49800 6682
13002 61327
56103 45816 55480
8167 7738
61968 16004
55818 45147
41313 41059
19207 31562 42543 33103
2200 3256
24500 45510
48850 50607
45932 53727
16467 7829
5704 23114
9381 136501
30969 30844
7490 55707
28032 18678 262195
27413 3595
44432 6775
57633 39473
6336 56396
20547 25588 6908
13147 31083
8903 12541
134197 62602 197981 29326
4694 23816 24572
25400 41164 47853 49455 51135
9808 58453
29761 8100 22298
33988 21083
16073 13273
8881 13270
17922 4761
55865 24735
197440 2597
14265 11915
132402 393490 133095 56583 18541
30950 8542
18210 134386 134387 134384 134385 134390 134391 134388 134389 134394 134395 134392 134393 58620 134398 134399 134396 134397
394333 198335
37090 327818
28838 5404
59776 5089 9143 31079 20825 29562 6830
2906 40027
40260 11706
30880 50827
31328 133077 7772 132734 58894
12083 16724 29881
58500 23951
50624 132418 53306
36236 13647
55408 17882
49917 56941
33930 37709
58389 56246
15975 12975
8579 5483
19092 29863 8218 6461
203993 57771
18836 263071 16685 262475
64208 6812 22591
46672 8001 46366
59713 50498 57026 31363 41668 42116 41733 56330 39435 50512 41682 51604 57044 56981 43478 49048 9049 41754 51035 34590 12768 57378 56420 34533 47659 51819 50542 50543 52207 50544 51570 41843 39028 56377 41786 42682 31483 42683 41661 51645 41854 41727
41393 60648 39179
23498 21548
8339 8559
24961 39519
53698 5118
135014 58473
23314 26205
29624 13289
30636 29791
61158 42927
14116 9115 30447
38758 55658
59940 19189
38757 9341
7506 58786 131392 59349 58791 135161
38195 17498
20965 21320
47592 25101 20751
28305 14282
42388 42473 47147 51453
3651 6167 21928 20057 22394 10507
18149 24252 23774
57794 25447
202196 43996
19169 27947
36953 37596
45090 132203 132591
262996 61746
28666 53231
206583 200086
5617 29535
17408 10133 9831
49425 47973 36086 48152 32299
37253 37525
262526 28635
9370 9371
17557 45595
60587 50719
131222 63829
205811 201834 62698
25152 3333 197000 12654
202018 200130 62567 393406 394362 46652 14061 201229 202109 135340 133165
8068 8075
4436 4565 3257 20077
31458 31122
62195 133366 62982 133188
27299 394354 55195
132561 135754
52640 20406
200519 62023
26838 42587
57 217
53066 264015
197451 201263
64049 55836
13041 49638
22759 8121 11404 32028 11837 29870
42978 51786 62078
6837 3303
26978 29748 35974 46742 15226 58797
5552 13009 8419 31640
131920 58792
32934 63293
41041 25751
59344 63971
202197 393565
13576 393417
395651 63212
12929 1299
35908 45652
59712 41704 57128 24955 47775 60095
21159 24875
24195 63502
27286 27420
35848 63311
49344 202112
11924 22485
11888 28545 28548 28554
29616 43289
43256 327870
13184 6805
14397 393545
7160 15179
45349 4638
63528 63529
4609 7617
12269 198908
60038 32286
27768 27866
23074 61721
51088 61180
24534 63516
37963 45102
56301 9934
8657 3243
133873 55819
203921 49063
36049 23205 17306
26021 26414
24745 9050
46562 40426
4508 395080
131322 18399
39540 44596 57118
33886 57151
53813 22616 62044
27968 14420 26613 27948 27757
29432 197032
23670 45261
61157 8972
48646 9178
20130 54728
62874 50495
393629 27789
32780 13213 29854
132865 198781
13094 48858
48768 61315 35574
205272 203724
28768 35667
61440 61317 37692
263925 52770 262429
61186 21880
201035 43467
205897 203693
6295 7336 33561
262743 263969
40913 53907 11767 4136 17018 40107 20141 394968 40606
9033 395081 63832 64216 59899 64219 64220 58941 132863 58942 64222 58943 63839
262661 262417
17941 23637
21219 3326
394308 394497
35788 44444 7598
63920 63921
35761 199230
49420 199436
135027 64094
58944 58815
62715 58591
13977 14671 12175
4628 136552
135025 135305
16210 20707
131702 23947
199188 40809
63399 394574
44914 43679
394144 205758
203507 206970
55799 45785 134520 63916
8695 25482
42385 15835
132939 135244
28773 28681
200921 205038
11827 33427
30693 62904 49532
44337 42639
394992 394127
54661 64255
12880 48159
37186 37195
39115 24216 19803 19804 46108 19806 19807 19808 38304 19809 19810 24486 37991 24232 35953 18484 18485 18486 24118 18487 18488 42808 18489 18490 18491
135571 17828
37716 327871 328010
40833 10893 4543
205025 205544 60781
43700 198651
62305 47915
262976 61583
59954 49673 57822
61504 61441 61505 52294 52359 52360 61520 61521 52370 52500 52374 52375 52376 52508 52509 52324 64103 64104 52332 61552 11058 52403 61555 52404 61494 61495
200623 64415
14086 55176
63252 20029
112 64238
133296 33480
197890 200825
9848 4670
37394 32653
64096 56282
7203 30633 394380
59253 133752
37414 37483
207119 327880
56133 45158
52840 265292
58952 63852
61522 61524 61525 61526 61527
63408 62679
37481 37548
8361 22634 55743
22053 46540
39801 43100 199422
201986 51225 16190 50623
43733 33852
51090 51354
6667 719
37715 327887
48053 8522
27733 264722
4874 27372 27359 27599
43930 24843
207009 206495
3754 3630
64227 20283
64427 205406
7656 9676
10725 18535 47340 2047
327821 37324
201333 202056
55507 135694
35491 205082
63928 24427
57033 34092 60860
15735 5532
136019 133425
132134 35220 62693 11742
37704 327740 37578 37770
13348 11406
7105 15951
59125 131925
10458 14203
49819 14332
61266 28466 55891 62244 327889 52887 51752 54235 9454 40335
394100 32444 33037 55262
39716 42667
29555 48503
35152 60199 51335 200411 20926 199565
16414 53791
61478 264811
29092 199483
30818 44515 50613
58070 197893
7862 62926
17303 62622
131442 132497
394771 203482
395766 395152 393755
62563 61003
10697 264797
199670 21239
24192 45459 58583
10429 11419 19182 26599 27699
7565 24122
22894 28498 28499 28504
23910 23911
